[gd_scene load_steps=8 format=3 uid="uid://b6ifxdslhd8be"]

[ext_resource type="PackedScene" uid="uid://dw7iykwtgh5si" path="res://Prefab/Floor.tscn" id="1_36rfc"]
[ext_resource type="PackedScene" uid="uid://ck07moytif7q5" path="res://Prefab/Walls.tscn" id="2_wqapa"]
[ext_resource type="PackedScene" uid="uid://cix7412g3cvs8" path="res://Prefab/Field.tscn" id="3_i2hf2"]
[ext_resource type="PackedScene" uid="uid://df13gsfls7c6c" path="res://Prefab/goal_post_1.tscn" id="4_38ig2"]

[sub_resource type="ProceduralSkyMaterial" id="ProceduralSkyMaterial_i2hf2"]
sky_horizon_color = Color(0.662243, 0.671743, 0.686743, 1)
ground_horizon_color = Color(0.662243, 0.671743, 0.686743, 1)

[sub_resource type="Sky" id="Sky_38ig2"]
sky_material = SubResource("ProceduralSkyMaterial_i2hf2")

[sub_resource type="Environment" id="Environment_0wac4"]
background_mode = 1
background_color = Color(0.521423, 0.705529, 0.834434, 1)
background_energy_multiplier = 0.9
sky = SubResource("Sky_38ig2")
ambient_light_source = 3
ambient_light_color = Color(0.554623, 0.702399, 0.867385, 1)
ambient_light_sky_contribution = 0.75
ambient_light_energy = 0.6
tonemap_mode = 2
ssao_enabled = true
ssao_radius = 12.79
ssao_intensity = 1.4
ssao_power = 3.82368
ssao_detail = 1.8
ssao_horizon = 0.0
ssao_sharpness = 0.26
ssao_light_affect = 0.64
ssao_ao_channel_affect = 1.0
sdfgi_use_occlusion = true
sdfgi_bounce_feedback = 0.28
sdfgi_y_scale = 0
sdfgi_energy = 1.65
glow_enabled = true

[node name="GamePlay" type="Node3D"]

[node name="WorldEnvironment" type="WorldEnvironment" parent="."]
environment = SubResource("Environment_0wac4")

[node name="Floor" parent="." instance=ExtResource("1_36rfc")]
transform = Transform3D(1, 0, 0, 0, 1, 0, 0, 0, 1, 63.261, -0.38372, 0)

[node name="Walls" parent="." instance=ExtResource("2_wqapa")]
transform = Transform3D(1, 0, 0, 0, 1, 0, 0, 0, 1, -1.81619, 51.7757, -63.8828)

[node name="Field" parent="." instance=ExtResource("3_i2hf2")]

[node name="Camera3D" type="Camera3D" parent="."]
transform = Transform3D(0.532256, -0.224413, 0.816298, -0.00814572, 0.962824, 0.270007, -0.846544, -0.150362, 0.510641, -16.756, 4.569, 12.971)
fov = 60.0
near = 0.1

[node name="GoalPost1" parent="." instance=ExtResource("4_38ig2")]
transform = Transform3D(1, 0, 0, 0, 1, 0, 0, 0, 1, -38.9412, 0, 0)

[node name="GoalPost2" parent="." instance=ExtResource("4_38ig2")]
transform = Transform3D(-1, 0, -8.74228e-08, 0, 1, 0, 8.74228e-08, 0, -1, 38.941, 0, 0)

[node name="DirectionalLight3D" type="DirectionalLight3D" parent="."]
transform = Transform3D(-0.188941, -0.476033, 0.858891, 3.36592e-08, 0.874645, 0.484764, -0.981988, 0.0915919, -0.165256, 40.127, 29.0612, -27.8769)
light_color = Color(0.980116, 0.740211, 0.54682, 1)
light_energy = 0.5
light_specular = 0.0
shadow_enabled = true
shadow_normal_bias = 0.0
shadow_opacity = 0.4
shadow_blur = 1.2
sky_mode = 1

[node name="DirectionalLight3D2" type="DirectionalLight3D" parent="."]
transform = Transform3D(0.399582, 0.444382, -0.801785, 5.35449e-08, 0.874645, 0.484764, 0.916698, -0.193703, 0.349492, -28.6138, 29.6284, -29.1041)
light_color = Color(0.745098, 0.701961, 0.552941, 1)
light_energy = 0.3
light_specular = 0.0
shadow_normal_bias = 0.0
shadow_opacity = 0.6
shadow_blur = 1.3
sky_mode = 1

[node name="ReflectionProbe" type="ReflectionProbe" parent="."]
transform = Transform3D(1, 0, 0, 0, 1, 0, 0, 0, 1, -7.58829, 14.8993, -5.48315)
size = Vector3(150.985, 49.7986, 160.698)
